======================================================================
         MARWADI UNIVERSITY - DEPARTMENT OF CE (AI & ML)
    DESIGN AND ANALYSIS OF ALGORITHMS LABORATORY (01AI0506)
    PRACTICAL 05: 0/1 KNAPSACK DYNAMIC PROGRAMMING
======================================================================
Student Name: Sai Ganesh Mandhati
Roll Number : 92460118370
======================================================================

Enter number of items: Enter Knapsack Capacity W: Enter values of 3 items: Enter weights of 3 items: 
----------------------------------------------------------------------
DP TABLE TABULATION (0/1 KNAPSACK)
----------------------------------------------------------------------
Item  0 |    0    0    0    0    0    0    0    0    0    0    0    0    0    0    0    0    0    0    0    0    0    0    0    0    0    0    0    0    0    0    0    0    0    0    0    0    0    0    0    0    0    0    0    0    0    0    0    0    0    0    0 
Item  1 |    0    0    0    0    0    0    0    0    0    0   60   60   60   60   60   60   60   60   60   60   60   60   60   60   60   60   60   60   60   60   60   60   60   60   60   60   60   60   60   60   60   60   60   60   60   60   60   60   60   60   60 
Item  2 |    0    0    0    0    0    0    0    0    0    0   60   60   60   60   60   60   60   60   60   60  100  100  100  100  100  100  100  100  100  100  160  160  160  160  160  160  160  160  160  160  160  160  160  160  160  160  160  160  160  160  160 
Item  3 |    0    0    0    0    0    0    0    0    0    0   60   60   60   60   60   60   60   60   60   60  100  100  100  100  100  100  100  100  100  100  160  160  160  160  160  160  160  160  160  160  180  180  180  180  180  180  180  180  180  180  220 

----------------------------------------------------------------------
Maximum Profit Value in Knapsack = 220
----------------------------------------------------------------------

Student Name : Sai Ganesh Mandhati
Roll Number  : 92460118370

...Program finished with exit code 0
